1.266904501589451339e-14
-1.194443208377571818e-14
1.202648431161945625e-14
-1.197551651135476529e-14
1.251414984751019017e-14
-1.113410130757703165e-14
1.274495496635155031e-14
-1.088976168775779399e-14
1.274850892091152044e-14
-1.213649861745952093e-14
1.170028212497421893e-14
-1.266500210841860064e-14
1.241618661819599751e-14
-1.200427263378223309e-14
1.298240831899862053e-14
-1.265911480983608717e-14
1.232086522799828620e-14
-1.355680049664518089e-14
1.218478187096650333e-14
-1.304126020583435608e-14
1.309855359161847512e-14
-1.176187340266005844e-14
1.325492599919283766e-14
-1.141677778667063593e-14
1.296498535656786117e-14
-1.279691855842228524e-14
1.312762975766899879e-14
-1.286323646921974181e-14
1.269668304412692080e-14
-1.316460812350901689e-14
1.287553379410022338e-14
-1.244196963793886795e-14
1.251619693642293221e-14
-1.306015682782658110e-14
1.313179535732773069e-14
-1.247159942830859255e-14
1.364985114762339295e-14
-1.280568064129840444e-14
1.308938390039988286e-14
-1.272083712060270784e-14
1.341674305586706839e-14
-1.378577194923638700e-14
1.238142605565621832e-14
-1.399702926344649416e-14
1.301042542010763249e-14
-1.390890888601403735e-14
1.405196457860252386e-14
-1.359369202555049775e-14
1.355995662269654526e-14
-1.359414223480039457e-14
1.379287262187787781e-14
-1.319077262049965650e-14
1.448993734136691788e-14
-1.337970723048594260e-14
1.439152404579191702e-14
-1.303196022376731216e-14
1.371730284900423522e-14
-1.374360284155597272e-14
1.414876806927079680e-14
-1.393822758845584632e-14
1.354292318016579391e-14
-1.432374935558173148e-14
1.397415002625845963e-14
-1.420367069627450083e-14
1.408704999958236521e-14
-1.412463722407513277e-14
1.413012389283974486e-14
-1.414782412579662769e-14
1.503037384918763165e-14
-1.353859834720169722e-14
1.430114253278857975e-14
-1.435279549881066445e-14
1.393454257145190929e-14
-1.439442108423902445e-14
1.483660012563852187e-14
-1.364171924592066503e-14
1.579917870190325228e-14
-1.416352327106559454e-14
1.438362444425094581e-14
-1.544316696442555642e-14
1.377031276401092837e-14
-1.652347631379560022e-14
1.343050948041657919e-14
-1.622138477502602299e-14
1.454183626117740126e-14
-1.575303311393597469e-14
1.414716017596905811e-14
-1.652463624542939526e-14
1.339787160571165255e-14
-1.604010846347697358e-14
1.429170463160864422e-14
-1.658026240845603720e-14
1.533637670147012428e-14
-1.530932414803462887e-14
1.650116975973293264e-14
-1.466537818292782058e-14
1.660896264250172595e-14
-1.544701294134299268e-14
1.689888880789773517e-14
-1.561732596547563741e-14
1.680929916043618621e-14
-1.628635414863875199e-14
1.665661135805701315e-14
-1.627977054723345196e-14
1.614598672677614724e-14
-1.612357460499673508e-14
1.705549529096344254e-14
-1.632229185066440319e-14
1.725703455351658677e-14
-1.543385533620659544e-14
1.752277513800076103e-14
-1.646842749460502496e-14
1.679253128828152066e-14
-1.658744547911556169e-14
1.720413407369023829e-14
-1.699839823413490574e-14
1.732450911387417767e-14
-1.710279714619088797e-14
1.699804836722969057e-14
-1.743416886648472858e-14
1.674988905227852442e-14
-1.695417535435380278e-14
1.702935106812192681e-14
-1.778592837603177738e-14
1.769743924810464653e-14
-1.675426878952069226e-14
1.720859015262525634e-14
-1.724420884918529170e-14
1.793894498799839745e-14
-1.762742597110433989e-14
1.762941744218794722e-14
-1.756023479442433911e-14
1.849641998637973045e-14
-1.847434613088198202e-14
1.797196021404568284e-14
-1.808627894347086443e-14
1.845476105679214835e-14
-1.901969295144679367e-14
1.795762327477607030e-14
-1.964684224799681312e-14
1.789905868506447167e-14
-2.026326597953388965e-14
1.791475500526104763e-14
-2.033237551773193820e-14
1.912188663627181753e-14
-1.897687974586786777e-14
2.313520130389518283e-14
-1.179087247022376058e-14
3.334978310393350894e-14
9.160453762966577794e-16
5.367523117781504629e-14
3.051161877942699314e-14
9.471406826228493631e-14
8.589721746777764904e-14
1.672984616284853541e-13
1.792852988800800722e-13
2.867145786728211254e-13
3.243836318086382272e-13
4.568840660941592258e-13
5.125133960098488956e-13
6.497966270879682404e-13
6.806527651949336472e-13
7.488881948733986348e-13
6.364624334355380889e-13
4.489962407419200470e-13
-8.443697007725517493e-14
-9.231094606994778027e-14
-2.428322712611217268e-14
-4.662582010901522399e-14
-8.115009147966957759e-14
-1.298620921894219631e-14
-1.990648434361706434e-14
-2.919352011942097076e-14
-4.154107190842420234e-14
-5.720634684165986573e-14
-7.662144221091635583e-14
-9.944211659087872626e-14
-1.249928409472236068e-14
-1.510739086226611969e-14
-1.741081188747760352e-14
-1.875676525486096211e-14
-1.816941428107316816e-14
-1.414427781559574010e-14
-4.575052226705403409e-14
1.348778750721458642e-14
4.391724374067756032e-14
9.171038229690965920e-14
1.629403352145115707e-14
2.646978618720098835e-14
4.045841562815089268e-14
5.899203806590813024e-14
8.261312966221524656e-14
1.114369180326938977e-14
1.447726851623550146e-14
1.806032858642850372e-14
2.148553967915542424e-14
2.404703987870070606e-14
2.462377486781671388e-14
2.154614396374450442e-14
1.245254148279385760e-14
-5.840550845504970602e-14
-3.742411163346969360e-14
-8.728032607539792581e-14
-1.610898034069508868e-14
-2.647509862506068355e-14
-4.034766678846574528e-14
-5.802965133242612903e-14
-7.937849329746714970e-14
-1.034833472364285476e-14
-1.282345976991289970e-14
-1.497847740172431175e-14
-1.619229364225562224e-14
-1.554195165123384131e-14
-1.174518693452318223e-14
-3.129112708624825258e-14
1.234793846344009021e-14
3.698444035960397926e-14
7.308676116494608136e-14
1.225297363496168151e-14
1.860731624803493099e-14
2.623935250397049906e-14
3.468229192790650822e-14
4.298479574181149419e-14
4.955173933594131906e-14
5.200422451351225880e-14
4.710417646408397458e-14
3.080753605563197662e-14
-1.473325032667743710e-14
-5.430898023792361638e-14
-1.313139409292722495e-14
-2.337858874478206052e-14
-3.589554405525485379e-14
-4.980004706248007023e-14
-6.341445868017870713e-14
-7.413507769730426486e-14
-7.842974474245635336e-14
-7.204190965259612981e-14
-5.047209576713967798e-14
-9.774658131339108243e-14
5.235699685065623712e-14
1.353382901011313064e-14
2.345064580838602478e-14
3.403270708824263947e-14
4.383620425922299564e-14
5.103051135825690046e-14
5.362014637338085102e-14
4.976689637351576316e-14
3.816045730412027416e-14
1.836094089833170987e-14
-8.968535528112684145e-14
-4.200152524504143642e-14
-7.788412101325971684e-14
-1.130467878830892885e-14
-1.436356361435125496e-14
-1.659861176653883511e-14
-1.770594368747896441e-14
-1.747760393954606375e-14
-1.582078188300947361e-14
-1.276232751344102620e-14
-8.440694498311595434e-14
-3.088828016898827449e-14
2.988429649201461598e-14
9.439531764833170024e-14
1.589192661319654629e-14
2.197673236621831144e-14
2.735115899071759518e-14
3.171761714603333476e-14
3.483861712335865196e-14
3.654679606049312385e-14
3.674973846640723629e-14
3.542964791703340915e-14
3.263833411927869604e-14
2.848833781125965567e-14
2.314127275727721755e-14
1.679458631152303677e-14
9.667921081387786594e-14
1.990118339483627763e-14
-6.012324831069007329e-14
-1.412480427576001500e-14
-2.215189544269436164e-14
-2.992235020952845742e-14
-3.729196320212217058e-14
-4.414459303002213342e-14
-5.039169130988357947e-14
-5.597071047740970196e-14
-6.084274264280502970e-14
-6.498969912998338316e-14
-6.841128541735247426e-14
-7.112196811030153942e-14
-8.440694498311595434e-14
-3.088828016898827449e-14
2.988429649201461598e-14
9.439531764833170024e-14
1.589192661319654629e-14
2.197673236621831144e-14
2.735115899071759518e-14
3.171761714603333476e-14
3.483861712335865196e-14
3.654679606049312385e-14
3.674973846640723629e-14
3.542964791703340915e-14
3.263833411927869604e-14
2.848833781125965567e-14
2.314127275727721755e-14
1.679458631152303677e-14
9.667921081387786594e-14
1.990118339483627763e-14
-6.012324831069007329e-14
-1.412480427576001500e-14
-2.215189544269436164e-14
-2.992235020952845742e-14
-3.729196320212217058e-14
-4.414459303002213342e-14
-5.039169130988357947e-14
-5.597071047740970196e-14
-6.084274264280502970e-14
-8.440694498311595434e-14
-3.088828016898827449e-14
2.988429649201461598e-14
9.439531764833170024e-14
1.589192661319654629e-14
2.197673236621831144e-14
2.735115899071759518e-14
3.171761714603333476e-14
3.483861712335865196e-14
3.654679606049312385e-14
3.674973846640723629e-14
3.542964791703340915e-14
3.263833411927869604e-14
2.848833781125965567e-14
2.314127275727721755e-14
1.679458631152303677e-14
9.667921081387786594e-14
1.990118339483627763e-14
-6.012324831069007329e-14
-1.412480427576001500e-14
-2.215189544269436164e-14
-2.992235020952845742e-14
-3.729196320212217058e-14
-4.414459303002213342e-14
-8.440694498311595434e-14
-3.088828016898827449e-14
2.988429649201461598e-14
9.439531764833170024e-14
1.589192661319654629e-14
2.197673236621831144e-14
2.735115899071759518e-14
3.171761714603333476e-14
3.483861712335865196e-14
3.654679606049312385e-14
3.674973846640723629e-14
3.542964791703340915e-14
3.263833411927869604e-14
2.848833781125965567e-14
2.314127275727721755e-14
1.679458631152303677e-14
9.667921081387786594e-14
1.990118339483627763e-14
-6.012324831069007329e-14
-1.412480427576001500e-14
-2.215189544269436164e-14
-2.992235020952845742e-14
-3.729196320212217058e-14
-4.414459303002213342e-14
-8.440694498311595434e-14
-3.088828016898827449e-14
2.988429649201461598e-14
9.439531764833170024e-14
1.589192661319654629e-14
2.197673236621831144e-14
2.735115899071759518e-14
3.171761714603333476e-14
3.483861712335865196e-14
3.654679606049312385e-14
3.674973846640723629e-14
1.007971917004948886e-10
1.318372115280484324e-10
1.725180278608728197e-10
2.258363442964557498e-10
2.957199661686725793e-10
3.873171559301051233e-10
5.073759046657160508e-10
6.647410490647494665e-10
8.710058612239949237e-10
1.007971917004948886e-09
1.318372115280484324e-09
1.725180278608728197e-09
2.258363442964557498e-09
2.957199661686725793e-09
3.873171559301051233e-09
5.073759046657160508e-09
6.647410490647494665e-09
8.710058612239949237e-09
1.007971917004948886e-08
1.318372115280484324e-08
1.725180278608728197e-08
2.258363442964557498e-08
2.957199661686725793e-08
3.873171559301051233e-08
5.073759046657160508e-08
6.647410490647494665e-08
8.710058612239949237e-08
1.007971917004948886e-07
1.318372115280484324e-07
1.725180278608728197e-07
2.258363442964557498e-07
2.957199661686725793e-07
3.873171559301051233e-07
5.073759046657160508e-07
6.647410490647494665e-07
8.710058612239949237e-07
1.007971917004948886e-06
1.318372115280484324e-06
1.725180278608728197e-06
2.258363442964557498e-06
2.957199661686725793e-06
3.873171559301051233e-06
5.073759046657160508e-06
6.647410490647494665e-06
8.710058612239949237e-05
1.007971917004948886e-05
1.318372115280484324e-05
1.725180278608728197e-05
2.258363442964557498e-05
2.957199661686725793e-05
3.873171559301051233e-05
5.073759046657160508e-05
6.647410490647494665e-05
8.710058612239949237e-05
1.141366094185546754e-04
1.495739395693497444e-04
1.960232518189104810e-04
2.569064373057784452e-04
3.367086502603456937e-04
4.413086503438279546e-04
5.784117487563661831e-04
7.581172065612652635e-04
9.936618031632842105e-04
1.302394213380714694e-03
1.707051731254423128e-03
2.237432978195586300e-03
2.932589100925437915e-03
3.843693642609525077e-03
5.037800372257650316e-03
6.602762238076767369e-03
8.653667508613554354e-03
1.134125640756474332e-02
1.486291967370314583e-02
1.947705735490082649e-02
2.552180084014228981e-02
3.343938344495640813e-02
4.380779406839707679e-02
5.738177068626679200e-02
7.514568367720153574e-02
9.838140362700016628e-02
1.287547907492970212e-01
1.684248676511760912e-01
2.201798192133512799e-01
2.876032946958842484e-01
3.752723624953531179e-01
4.889837233353659940e-01
6.359955972034931904e-01
8.252563798580964116e-01
1.067564143272078603e+00
1.375559370248358393e+00
1.763394404504854851e+00
2.245850132403858446e+00
2.836600733240028482e+00
3.545305540488848273e+00
4.373318422501366598e+00
5.308173175839413283e+00
6.317737888458491824e+00
7.345986590541349948e+00
8.313298833773004048e+00
9.124182309850066730e+00
9.683338295723110889e+00
9.917008396224389344e+00
9.792433383644187472e+00
9.327219683161919406e+00
8.584252648201001534e+00
7.654554411159082861e+00
6.635617468734403168e+00
5.613171193778583756e+00
4.650834661430882200e+00
3.787793471881399032e+00
3.041972525871254440e+00
2.415644045644941951e+00
1.901183798854729989e+00
1.485781793722753763e+00
1.154764578427754262e+00
8.936589824642207081e-01
6.893033298186004298e-01
5.303201704888197421e-01
4.072032175375469576e-01
3.121964025056441772e-01
2.390789395144369278e-01
1.829234235753292026e-01
1.398628615764187233e-01
1.068833360086910156e-01
8.164794534660471670e-02
6.235178254976568579e-02
4.760493229227368700e-02
3.633944337663490981e-02
2.773613834460039035e-02
2.116747209511310457e-02
1.615317378056478972e-02
1.232595813764917649e-02
9.405104735790970755e-03
7.176148522530309201e-03
5.475296340710126067e-03
4.177486082947742645e-03
3.187246536114607919e-03
2.431706549362111416e-03
1.855251323515713820e-03
1.415439607607173883e-03
1.079885365683355388e-03
8.238767101241289579e-04
6.285581588200745860e-04
4.795431550615176890e-04
3.658551319671279802e-04
2.791193959071143656e-04
2.129464633333150647e-04
1.624615166471906887e-04
1.239453713570303655e-04
9.456053546395353458e-05
7.214219969206320682e-05
5.503877018278142627e-05
4.199020294702644914e-05
3.203517922687573906e-05
2.444028642485630574e-05
1.864598731715514797e-05
1.422539873212830204e-05
1.085284219902958343e-05
8.279850819316636714e-06
6.316863915219133459e-06
4.819261821725919158e-06
3.676711147425827793e-06
2.805036386543437171e-06
2.140018257401483345e-06
1.632662655356567419e-06
1.245590912387844791e-06
9.502861689617829795e-07
7.249922671771245951e-07
5.531110707391974719e-07
4.219794610262992887e-07
3.219365549507693664e-07
2.456118112842641432e-07
1.873821550616340974e-07
1.429575770557693932e-07
1.090651928687071829e-07
8.320800498139094221e-08
6.348105100271980709e-08
4.843095464170013422e-08
3.694894597565926899e-08
2.818908282846101353e-08
2.150601815245580905e-08
1.640736640791769369e-08
1.251751056711150348e-08
9.549854160345304875e-09
7.285778427758598493e-09
5.558462267108502316e-09
4.240665082652726040e-09
3.235284462543177995e-09
2.468265416327657706e-09
1.883086254649435400e-09
1.436646949047271627e-09
1.096044492240577731e-09
8.361961205522729791e-10
6.379487734564235673e-10
4.867053379589222131e-10
3.713156413587033323e-10
2.832854751801042225e-10
2.161227597249846924e-10
1.648850387513608277e-10
1.257933491806666893e-10
9.597056602664556477e-11
7.321840761695384723e-11
5.586003661278194056e-11
4.261660089705967311e-11
3.251303009858959294e-11
2.480494360340398230e-11
1.892486669454855587e-11
1.443819175084080536e-11
1.101480873601317524e-11
8.404412190157992409e-12
6.410790084060224797e-12
4.892744551220457952e-12
3.732252432776997994e-12
2.847735798121005661e-12
2.170652489980213085e-12
1.657452008213195769e-12
1.263032297263800671e-12
9.656207332972133472e-13
7.349285038487411558e-13
5.618976708810702246e-13
4.267272724805615191e-13
3.279062159721063711e-13
2.484631565315401282e-13
1.915829665632330914e-13
1.436748673753026039e-13
1.125573242258814513e-13
8.391471171021773000e-14
6.632872915871899232e-14
4.902620865221701448e-14
3.918563925123475270e-14
2.759220662258284672e-14
2.261991659321102674e-14
1.489556704600156040e-14
1.462256582994376254e-14
8.099310760734878485e-15
8.923839973154062597e-15
3.143794165389770446e-15
5.855087912926920707e-15
9.475239476947695023e-16
3.847013462926148909e-15
-5.995501190256913342e-16
4.102513207394087824e-15
-1.189114888857286874e-15
3.616544567204502722e-15
-1.929882561664580175e-15
2.646068140445478787e-15
-2.680903222225137638e-15
2.524184852144148239e-15
-2.087832035264183478e-15
2.890272561380254798e-15
-2.626968582686764423e-15
2.083401817079537887e-15
-3.557270287963906088e-15
2.624328288915976631e-15
-2.673097557862005938e-15
2.579766823166420906e-15
-3.033657915102290860e-15
3.490639084159453347e-15
-2.417274254615253559e-15
2.899575617727853079e-15
-3.107101215681770789e-15
2.684498886344951382e-15
-3.071405047193613969e-15
3.466706430481637974e-15
-3.117688186171839378e-15
3.825535257820940863e-15
-3.439990550440283005e-15
3.520182989143568222e-15
-3.615698117957334917e-15
3.924070623898524333e-15
-4.053310159588334868e-15
3.287185403347074220e-15
-3.940001287887643381e-15
3.548488176851122594e-15
-3.969256844887960362e-15
3.614661904301091229e-15
-4.373885731295392971e-15
3.109860002287395685e-15
-3.628262012164471766e-15
3.705801550725049260e-15
-4.003296479306055660e-15
3.578484973831779448e-15
-4.533704468487007652e-15
2.975657965439051079e-15
-4.490220236561053750e-15
3.538500080306119245e-15
-4.611029919091672738e-15
3.697725745009360834e-15
-3.735344491603178007e-15
3.454855006216297700e-15
-4.395300189812002825e-15
3.719872753229715403e-15
-5.045563385171609660e-15
2.961823238200066213e-15
-4.973511758298338981e-15
3.772668937919925275e-15
-4.300205423781436060e-15
4.203691139920148412e-15
-4.737264303759859383e-15
3.546299941270724825e-15
-4.457034753323841464e-15
4.097557129590686889e-15
-4.341635225246160252e-15
4.477323146400665308e-15
-4.503548844604916167e-15
4.492177332759639806e-15
-4.445426983719524024e-15
4.476734655628565575e-15
-4.642785008722992721e-15
4.613043431744437985e-15
-4.723501359133363020e-15
4.697524511608325506e-15
-4.877611349904268322e-15
5.435385352640408370e-15
-4.409693851716806833e-15
4.798616764931681149e-15
-4.273882124432251632e-15
5.936397650637441040e-15
-4.318635872555382626e-15
5.658193887983040276e-15
-4.200879799256383989e-15
4.880938291894550734e-15
-5.121327821787799743e-15
4.988093039535556967e-15
-5.402742486680804092e-15
5.523664793039822874e-15
-5.367274313377443434e-15
5.134051642416163781e-15
-6.059000204038657821e-15
4.068292009394099722e-15
-6.027636284314114771e-15
4.592481756008369055e-15
-5.294649243574081353e-15
5.319405330007566206e-15
-5.606217870489308529e-15
5.330774426513392210e-15
-5.700114365432602888e-15
4.695740003927922307e-15
-5.975906741240996045e-15
5.170756410697439309e-15
-5.682829813753299334e-15
5.248073230728228573e-15
-5.849161443081877912e-15
6.004820418631654834e-15
-6.192384181083855334e-15
5.342773991344609382e-15
-5.905915178047176023e-15
5.804283705739696572e-15
-5.326913938353766109e-15
6.569160206176923277e-15
-5.643158360462950394e-15
6.414036955227676447e-15
-5.718108061532220013e-15
6.124503309136085508e-15
-6.002323477347602963e-15
5.792679353031565053e-15
-6.345732995184099748e-15
6.525736989306091089e-15
-5.014635170823470455e-15
6.297645656178315303e-15
-5.598684719915787156e-15
6.915405559906509828e-15
-5.246824835364998295e-15
6.408310726658862527e-15
-4.753602726734500102e-15
6.892970220788365132e-15
-5.233153298434712652e-15
6.584585494479802237e-15
-6.152095264010515973e-15
5.438544110970498758e-15
-6.916487456764670176e-15
5.361135018289102189e-15
-6.342509952925630098e-15
6.408939688771187842e-15
-5.802913681954102718e-15
6.888252654479305433e-15
-5.544416761886935628e-15
6.844604679989703764e-15
-6.016977299847524919e-15
6.679727106743514246e-15
-5.878822756431189163e-15
7.114951416132280375e-15
-6.056651730969328615e-15
6.423906912978206747e-15
-7.320787618926807610e-15
4.454426868961534686e-15
-7.837214942821167855e-15
5.318010884461056981e-15
-7.718176474643274103e-15
6.263352301712671341e-15
-7.126624495813305935e-15
5.782102455792954476e-15
-6.619039621620502170e-15
6.941463449856586627e-15
-6.401261795463413855e-15
6.647229157794614595e-15
-5.810249914907054151e-15
6.775275882218046393e-15
-7.090096602540048887e-15
6.448107084251607169e-15
-8.113777764101030171e-15
5.751657476015631324e-15
-7.821223276545989007e-15
6.002780163636621223e-15
-6.879220991246947314e-15
6.741314196044553520e-15
-6.782252620046128282e-15
7.466292932509955371e-15
-6.412003709102557306e-15
6.520246156055544108e-15
-7.482319127801454741e-15
6.879303138373146955e-15
-7.884150328826928405e-15
6.393770055852094960e-15
-8.091220312780606605e-15
6.329542276424989942e-15
-7.985061130937228505e-15
6.406560047214828467e-15
-7.718872971560187201e-15
7.435249440965301851e-15
-6.135947259262137713e-15
8.835543598864167439e-15
-5.492801571361817038e-15
8.900551310823402364e-15
-6.760380489306905552e-15
7.488090317811922014e-15
-7.441172597120406547e-15
7.695123826560789302e-15
-7.670933594916713972e-15
6.961989926323586488e-15
-7.460624879064463070e-15
7.826517284685449322e-15
-7.941515778374391656e-15
7.319408972163152584e-15
-7.507569889120367882e-15
8.126682327419307936e-15
-6.919479875109069683e-15
8.093335296680264206e-15
-7.372458726382138862e-15
8.212828540200677582e-15
-7.304266934802277165e-15
7.656447155205825366e-15
-8.091946536141947856e-15
7.470901792772586196e-15
-7.764180938958212642e-15
7.235603919013859535e-15
-7.770659471401973887e-15
7.928997812048460021e-15
-8.151988235972209222e-15
8.097567497760016062e-15
-7.020128988959106052e-15
8.869119504694402514e-15
-6.655523459428576663e-15
9.154078173220752009e-15
-7.200777799416349263e-15
7.927069430238563914e-15
-8.622378161514630130e-15
7.483382617275100934e-15
-8.566341734408608297e-15
7.595572082940612444e-15
-8.145014777010160491e-15
7.543783974796961165e-15
-7.750090357131199651e-15
7.847845188204125797e-15
-8.196549108639664985e-15
7.964910673041266422e-15
-7.381261709196418207e-15
8.409415067780677288e-15
-7.470291421221498937e-15
8.054661981066859683e-15
-8.468309940940625666e-15
7.330931066209734757e-15
-9.058575657090410165e-15
7.607199428715948564e-15
-8.440872395283524297e-15
8.382053847787599254e-15
-8.115115715985619379e-15
8.225039663944921511e-15
-7.367014092360736297e-15
8.639022431350939353e-15
-8.465589791739944357e-15
8.305949793794906932e-15
-7.740721325531897989e-15
8.704129658138423709e-15
-7.776326571675297310e-15
8.279564732994735218e-15
-8.668963874165606488e-15
7.210723634688595470e-15
-9.450163864539178822e-15
7.930234066259240066e-15
-7.981669217366758957e-15
8.571009141637689213e-15
-7.742488536076393981e-15
9.129374244391420144e-15
-7.073673685116380404e-15
8.638529284951891027e-15
-8.189272262780923460e-15
8.880705583857616507e-15
-8.221153297657098181e-15
7.940221300600409959e-15
-8.388578920663280287e-15
8.233975844189740155e-15
-9.511868699193402267e-15
7.673047844357094047e-15
-8.831665557675007810e-15
8.920637139492205758e-15
-8.349686204629027995e-15
9.315914780962262271e-15
-8.025566747249309632e-15
8.972954673637611125e-15
-7.712786096268304094e-15
9.182843358088682446e-15
-8.540966636516646067e-15
9.058600214763486953e-15
-8.405645963707839094e-15
9.645269459042994910e-15
-8.912903490112147125e-15
8.645488952362536831e-15
-9.732514139396251714e-15
8.779297394511989510e-15
-8.948361297510248373e-15
9.079120862286502037e-15
-8.503017987746332699e-15
9.593431921893635970e-15
-8.646927025189695820e-15
9.363756034426055227e-15
-8.629531932601206588e-15
8.662634962623036669e-15
-9.630895399100683191e-15
8.535130046357305694e-15
-9.202701855621578109e-15
8.954608175865782839e-15
-1.009525798749233055e-14
7.727241158624864277e-15
-1.133045967473124374e-14
7.738047066651006318e-15
-9.877817611327441172e-15
8.647962011711890332e-15
-9.580514389542816400e-15
9.201926573311772034e-15
-1.004969037517504995e-14
9.050493901747078567e-15
-9.739418471306568507e-15
8.638072773951602926e-15
-1.033435993046634397e-14
9.457498661487555594e-15
-9.263052223883170280e-15
9.142626392316470998e-15
-1.006364308442323521e-14
8.688304109539393231e-15
-1.024881289488447966e-14
9.060992111746537408e-15
-9.542446989345844221e-15
9.547367954996900507e-15
-9.127622575363665794e-15
9.580590953080345216e-15
-1.018986625758008944e-14
9.073523980191664054e-15
-1.044403917042299447e-14
8.853141094544923425e-15
-1.080508205538420018e-14
9.600166888349644340e-15
-9.604831991256664055e-15
9.902096936484335938e-15
-1.088936447144268213e-14
9.470507776763052594e-15
-1.029793614957234446e-14
1.018489877054272577e-14
-1.000276454759696641e-14
1.054608034825139387e-14
-9.199066200075475550e-15
1.035522223428202994e-14
-1.010369623367829704e-14
1.032838449901425597e-14
-9.931447959839169860e-15
9.609630710207934059e-15
-1.076999590180702181e-14
1.001602708393888831e-14
-1.083757782723581569e-14
9.930759579143980751e-15
-1.044060226784739706e-14
9.140841885664148408e-15
-1.104532283636533488e-14
1.024776076593384778e-14
-9.894105956316063842e-15
1.099871756854851114e-14
-1.008416453088712234e-14
9.904444598917449759e-15
-1.073470005438262076e-14
1.012359264514292070e-14
-1.062054232846416196e-14
9.513187104480790685e-15
-1.048624229939047337e-14
1.095243707569670999e-14
-1.004758395027732557e-14
1.051853829165958214e-14
-1.097984974790326093e-14
1.057941217221365500e-14
-1.079538186809507640e-14
1.137124960550434521e-14
-1.006096994663136897e-14
1.123618475287511739e-14
-1.064079313352595909e-14
1.015597984220434306e-14
-1.111546386055330257e-14
1.096972980900905749e-14
-1.091029477544264323e-14
1.117446737115137089e-14
-1.031756971665573245e-14
1.186530349770091134e-14
-1.048725196962085669e-14
1.205242637051771990e-14
-9.908198580755610235e-15
1.195013414123946302e-14
-1.026587950297340171e-14
1.333343155987589080e-14
-9.348040468352426385e-15
1.284407311186114130e-14
-1.029362911782633415e-14
1.154797336200132509e-14
-1.062065007475224434e-14
1.170374997033135325e-14
-1.091426181559391725e-14
1.097675861641786226e-14
-1.063372797606904507e-14
1.220044623279535186e-14
-1.086073544217343553e-14
1.177310332375797690e-14
-1.152530221571696741e-14
1.087767496771416726e-14
-1.180095813787188077e-14
1.117423778459923925e-14
-1.192204590302784426e-14
1.109340455592283309e-14
-1.208818212179605439e-14
1.049262881520567072e-14
-1.236435297204705865e-14
1.133575831067174872e-14
-1.187674877449783776e-14
1.151562773955043698e-14
-1.107968494108907150e-14
1.213767773551024634e-14
-1.185763963016141988e-14
1.213437458831091229e-14
-1.214512270063681263e-14
1.159031267729881394e-14
-1.143451465076254574e-14
1.271778901096197692e-14
-1.100297083513347807e-14
