-1.670484116342214958e-16
-7.010388008041726632e-16
3.805775821704931991e-16
-2.324202320119234212e-17
4.800949757683886522e-16
1.892825269234226783e-16
3.220972225099115491e-16
3.428243489588491726e-16
1.125828143337644392e-15
1.364361589802529239e-15
2.686152868322639881e-15
6.790985958984732141e-16
9.290099505652031522e-16
1.205960685574015280e-15
2.986686218798285499e-16
2.056449122633745428e-16
-2.622861577999150256e-16
7.499010283678437346e-17
-5.971287901740500526e-16
-4.701504135284105317e-16
-1.389061940744896484e-15
-1.312993378286330482e-15
-1.500140498117010383e-15
-9.096018605703098407e-16
-1.367803320634277353e-15
-3.322747352318684155e-16
-6.151660481657738702e-16
-3.617972628021662986e-16
-6.413058386839269056e-16
-1.670484116342214958e-16
-7.010388008041726632e-16
3.805775821704931991e-16
-2.324202320119234212e-17
4.800949757683886522e-16
1.892825269234226783e-16
3.220972225099115491e-16
3.428243489588491726e-16
1.125828143337644392e-15
1.364361589802529239e-15
2.686152868322639881e-15
6.790985958984732141e-16
9.290099505652031522e-16
1.205960685574015280e-15
2.986686218798285499e-16
2.056449122633745428e-16
-2.622861577999150256e-16
7.499010283678437346e-17
-5.971287901740500526e-16
-4.701504135284105317e-16
-1.389061940744896484e-15
-1.312993378286330482e-15
-1.500140498117010383e-15
-9.096018605703098407e-16
-1.367803320634277353e-15
-3.322747352318684155e-16
-6.151660481657738702e-16
-3.617972628021662986e-16
-6.413058386839269056e-16
-1.670484116342214958e-16
-7.010388008041726632e-16
3.805775821704931991e-16
-2.324202320119234212e-17
4.800949757683886522e-16
1.892825269234226783e-16
3.220972225099115491e-16
3.428243489588491726e-16
1.125828143337644392e-15
1.364361589802529239e-15
2.686152868322639881e-15
1.346632489718881803e-15
6.790985958984732141e-16
9.290099505652031522e-16
1.205960685574015280e-15
2.986686218798285499e-16
2.056449122633745428e-16
-2.622861577999150256e-16
7.499010283678437346e-17
-5.971287901740500526e-16
-4.701504135284105317e-16
-1.389061940744896484e-15
-1.312993378286330482e-15
-1.500140498117010383e-15
-9.096018605703098407e-16
-1.367803320634277353e-15
-3.322747352318684155e-16
-6.151660481657738702e-16
-3.617972628021662986e-16
-6.413058386839269056e-16
-1.670484116342214958e-16
-7.010388008041726632e-16
3.805775821704931991e-16
-2.324202320119234212e-17
4.800949757683886522e-16
1.892825269234226783e-16
3.220972225099115491e-16
3.428243489588491726e-16
1.125828143337644392e-15
1.364361589802529239e-15
2.686152868322639881e-15
-3.823129898195812282e-15
6.790985958984732141e-16
9.290099505652031522e-16
1.205960685574015280e-15
2.986686218798285499e-16
2.056449122633745428e-16
-2.622861577999150256e-16
7.499010283678437346e-17
-5.971287901740500526e-16
-4.701504135284105317e-16
-1.389061940744896484e-15
-1.312993378286330482e-15
-1.500140498117010383e-15
-9.096018605703098407e-16
-1.367803320634277353e-15
-3.322747352318684155e-16
-6.151660481657738702e-16
-3.617972628021662986e-16
-6.413058386839269056e-16
-1.670484116342214958e-16
-7.010388008041726632e-16
3.805775821704931991e-16
-2.324202320119234212e-17
4.800949757683886522e-16
1.892825269234226783e-16
3.220972225099115491e-16
3.428243489588491726e-16
1.125828143337644392e-15
1.364361589802529239e-15
2.686152868322639881e-15
-2.142710679890261899e-15
-2.021964185995038174e-15
6.790985958984732141e-16
9.290099505652031522e-16
1.205960685574015280e-15
2.986686218798285499e-16
2.056449122633745428e-16
-2.622861577999150256e-16
7.499010283678437346e-17
-5.971287901740500526e-16
-4.701504135284105317e-16
-1.389061940744896484e-15
-1.312993378286330482e-15
-1.500140498117010383e-15
-9.096018605703098407e-16
-1.367803320634277353e-15
-3.322747352318684155e-16
-6.151660481657738702e-16
-3.617972628021662986e-16
-6.413058386839269056e-16
-1.670484116342214958e-16
-7.010388008041726632e-16
3.805775821704931991e-16
-2.324202320119234212e-17
4.800949757683886522e-16
1.892825269234226783e-16
3.220972225099115491e-16
3.428243489588491726e-16
1.125828143337644392e-15
1.364361589802529239e-15
2.686152868322639881e-15
-1.841230042738745392e-15
6.790985958984732141e-16
9.290099505652031522e-16
1.205960685574015280e-15
2.986686218798285499e-16
2.056449122633745428e-16
-2.622861577999150256e-16
7.499010283678437346e-17
-5.971287901740500526e-16
-4.701504135284105317e-16
-1.389061940744896484e-15
-1.312993378286330482e-15
-1.500140498117010383e-15
-9.096018605703098407e-16
-1.367803320634277353e-15
-3.322747352318684155e-16
-6.151660481657738702e-16
-3.617972628021662986e-16
-6.413058386839269056e-16
-1.670484116342214958e-16
-7.010388008041726632e-16
3.805775821704931991e-16
-2.324202320119234212e-17
4.800949757683886522e-16
1.892825269234226783e-16
3.220972225099115491e-16
3.428243489588491726e-16
1.125828143337644392e-15
1.364361589802529239e-15
2.686152868322639881e-15
6.592780590851716094e-15
6.651187247397858302e-15
1.582937669652622799e-14
2.844652310900600138e-14
4.769568848741401263e-14
7.117455173903056462e-14
1.041889686787793593e-13
1.433675423467024743e-13
1.904652434799085675e-13
2.396663699015739509e-13
2.906290164326850518e-13
3.287806493380182814e-13
3.432854663512258563e-13
3.053233058958146264e-13
1.864767455520699568e-13
6.353778476410724013e-14
4.988445440854623508e-13
1.195274942569160539e-12
2.231054597781295307e-12
3.695797488730519441e-12
5.661827808825116306e-12
8.180660523631929196e-12
1.122730387416557171e-11
1.467741075680984940e-11
1.821527430704972619e-11
2.127623943480715300e-11
2.291552250157931106e-11
2.172277441396308910e-11
1.567374229513413058e-11
2.072629454408889942e-12
1.257171503768717207e-11
2.127623943480715300e-11
2.291552250157931106e-11
2.172277441396308910e-11
1.567374229513413058e-11
2.072629454408889942e-10
2.252198706327292573e-10
6.218368988883160074e-10
1.213885327702968877e-10
2.044291059406860057e-10
3.144976901204773543e-10
4.521500340139121867e-10
6.131754346899947081e-10
7.856101728193416910e-10
9.460363904104997729e-10
1.055114057889312990e-10
1.052884722142999687e-10
8.543775891646816028e-10
3.469080584361608575e-10
6.092876019828652853e-10
2.174331837250649965e-09
4.512753101582115590e-09
7.764090112051551529e-09
1.199594227957578421e-09
1.713529100188203544e-09
2.287587343016007237e-09
2.856228446589106943e-09
3.305762912076878118e-09
3.460993045002414578e-09
3.074523722724295312e-09
1.397108232020414414e-09
2.096696137266312602e-09
4.021770012592980129e-09
5.678509795519784668e-09
7.104227367313915062e-09
8.331203613285805089e-09
9.387481781734233786e-09
1.029738496652752420e-08
1.108211841197873590e-08
1.176021383647786041e-08
1.234794612412245128e-08
1.285975294157624626e-08
1.330861192652907253e-08
1.370634673635450532e-08
1.406401532008276338e-08
1.439226372994741113e-08
1.470170133623998433e-08
1.500334872739471218e-08
1.530911877930490701e-08
1.563240423442906408e-08
1.598884496965675394e-08
1.639714869491794850e-08
1.688028311966187689e-08
1.746685179262317277e-08
1.819297278928913350e-08
1.910454096663321222e-08
2.026029394815075932e-08
2.173566900957175082e-08
2.362779439734222785e-08
2.606194329434034306e-08
2.919992468276206316e-08
3.325083666742604800e-08
3.848509709688712053e-08
4.525245966204378175e-08
5.400548603127888419e-08
6.532979259424660819e-08
7.998327635057484438e-08
9.894682600749015022e-08
1.234900393103966117e-07
1.552561838578295199e-07
1.963722977507871595e-07
2.495915461159483252e-07
3.184776553158782206e-07
4.076434891809308100e-07
5.230600387891562502e-07
6.724561614040697864e-07
8.658362559198087973e-07
1.116150122723955160e-06
1.440160244425994453e-06
1.859564208368118111e-06
2.402447786541378129e-06
3.105165665062318122e-06
4.014776002130045879e-06
5.192191654788619470e-06
6.716259335689055319e-06
8.689039502421469708e-06
1.124264099866928944e-05
1.454806762146088234e-05
1.882666945552167017e-05
2.436496538739130676e-05
3.153382965476650272e-05
4.081332674798151291e-05
5.282485796150742947e-05
6.837277133651485769e-05
8.849822121923729711e-05
1.145488826370647157e-04
1.482691870472326013e-04
1.919171186782063943e-04
2.484153871709922465e-04
3.215470900085011844e-04
4.162089514077911426e-04
5.387390687391964026e-04
6.973410685186169720e-04
9.026329995986845335e-04
1.168357592497568445e-03
1.512301232954504394e-03
1.957482830032966810e-03
2.533691589339207018e-03
3.279475659918692620e-03
4.244713135127715226e-03
5.493934744775453780e-03
7.110616003839020406e-03
9.202718308734024813e-03
1.190983676460940013e-02
1.541241119004892711e-02
1.994357998369651955e-02
2.580440861004834607e-02
3.338340891734129651e-02
4.318148370900119770e-02
5.584367943611422136e-02
7.219939543241958579e-02
9.331294996599377722e-02
1.205465797391370719e-01
1.556379361928426630e-01
2.007937395374534972e-01
2.588001260443407725e-01
3.331478403050255888e-01
4.281659619722643084e-01
5.491501336613235917e-01
7.024587137446345331e-01
8.955311608650899924e-01
1.136755963585960538e+00
1.435081261844601164e+00
1.799225721831150260e+00
2.236325932834295926e+00
2.749881099300381049e+00
3.336975827770180203e+00
3.985033919335653874e+00
4.668802905260104552e+00
5.348801491122190832e+00
5.972797772740542577e+00
6.481572461730172208e+00
6.818902753571135733e+00
6.943603047392675975e+00
6.839662391193109592e+00
6.520455685829643855e+00
6.025215787192307992e+00
5.409290385455593153e+00
4.732093596116485834e+00
4.046809137854018523e+00
3.394208744961565216e+00
2.800820657412756987e+00
2.280270747796074193e+00
1.836222772549492399e+00
1.465640556132232764e+00
1.161624358666546675e+00
9.155345232246901999e-01
7.184037360466607458e-01
5.617709682861523612e-01
4.381011179678667711e-01
3.409356877900635574e-01
2.648847082753236770e-01
2.055354689423851411e-01
1.593258897991177148e-01
1.234105642383005325e-01
9.553443090101457202e-02
7.392093694439927365e-02
5.717684887098841567e-02
4.421333164161285467e-02
3.418170189138668158e-02
2.642180869692417611e-02
2.042095628991090830e-02
1.578144783405475982e-02
1.219507749043220041e-02
9.423163931275756189e-03
7.280969223049970837e-03
5.625568234489415793e-03
4.346421271900700357e-03
3.358057561523570926e-03
2.594402909486564612e-03
2.004385609677630450e-03
1.548534665826744499e-03
1.196347496344700966e-03
9.242538169216459867e-04
7.140411239974972773e-04
5.516373986764221745e-04
4.261701461681112729e-04
3.292391355079716479e-04
2.543543634784656803e-04
1.965017395928015471e-04
1.518074883792030507e-04
1.172788429499513747e-04
9.060369401625647807e-05
6.999579443045732773e-05
5.407516369085735026e-05
4.177568936920625630e-05
3.227374180509123792e-05
2.493302357184061247e-05
1.926196205054660874e-05
1.488079239042291299e-05
1.149612722790333577e-05
8.881310239460164595e-06
6.861238283980377651e-06
5.300635594858789620e-06
4.094995080930679689e-06
3.163579925601323514e-06
2.444017053281149446e-06
1.888120234798954190e-06
1.458663308012017699e-06
1.126887252357855630e-06
8.705743619619029333e-07
6.725603735687480661e-07
5.195850905933797056e-07
4.014043541370686178e-07
3.101040821018201779e-07
2.395702464378459016e-07
1.850794866429140760e-07
1.429827603186882387e-07
1.104610293569532877e-07
8.533642976766859224e-08
6.592647981384519849e-08
5.093135889108133683e-08
3.934691533915339259e-08
3.039737233174565207e-08
2.348342820504285044e-08
1.814207010598724124e-08
1.401562030307967214e-08
1.082773424445665730e-08
8.364945780506440055e-09
6.462318375752453501e-09
4.992452639159952423e-09
3.856906397271220662e-09
2.979647745064501816e-09
2.301917721642283173e-09
1.778344291086845392e-09
1.373853498297522346e-09
1.061370252629490021e-09
8.199569737557749786e-10
6.334583758856775862e-10
4.893742858717357633e-10
3.780679536610666871e-10
2.920729574311448110e-10
2.256426655189783017e-10
1.743169181427119363e-10
1.346712482553135436e-10
1.040367293939019752e-10
8.037638708446935737e-11
6.209203989832092068e-11
4.797152022954015980e-11
3.705635166577788036e-11
2.863019179358477797e-11
2.211515842704225031e-11
1.708799018527761882e-11
1.319888789148540800e-11
1.019930095687665426e-11
7.876482371808464703e-12
6.087652160862914099e-12
4.700235170309569085e-12
3.634267341263364927e-12
2.804790371687422377e-12
2.169747583063439342e-12
1.673122579233504231e-12
1.295411479283536297e-12
9.990275354802658962e-13
7.738124566891151853e-13
5.949738182319369656e-13
4.618582847882665145e-13
3.547005872944461520e-13
2.764579907678641656e-13
2.116221189550177773e-13
1.654591925615955339e-13
1.256302505470990532e-13
9.998526066108696497e-14
7.499635401474750456e-14
6.073339519029996875e-14
4.458213593311694389e-14
3.655249055938906743e-14
2.640810063886713184e-14
2.232846429766332770e-14
1.545404393269749314e-14
1.356304653623868439e-14
8.159298189325569883e-15
8.067161453305474371e-15
3.869859313316045703e-15
5.317765083148390935e-15
2.231334225121474265e-15
4.009710224737325281e-15
7.465908522115559813e-16
3.033900001686294172e-15
6.667488257747498124e-17
1.906735169290846368e-15
-9.151915209692090130e-16
1.546302036157628460e-15
-1.303585318663293736e-15
1.127209241981295918e-15
-2.115265092869478635e-15
6.613642307388230538e-16
-1.953270377265615045e-15
2.492310472157223546e-16
-1.749050767204267043e-15
9.167899216291932768e-16
-1.772266030350674929e-15
9.646676045288376308e-16
-1.326593595490085626e-15
1.622435374693444547e-15
-1.172942066854788207e-15
1.177695930925308727e-15
-1.389941399832016414e-15
1.555008214980382533e-15
-1.539881304354943556e-15
7.970715502873398925e-16
-1.876127547721871889e-15
7.143902348284540269e-16
-1.655605958658894488e-15
1.052422873557877192e-15
-1.311046414472424548e-15
1.551218444658497651e-15
-1.335555112815600810e-15
1.509718714277031503e-15
-8.802458783884240342e-16
1.952247619481699211e-15
-1.240765598607843368e-15
9.883735768386210602e-16
-2.182134210855420898e-15
9.772024190855243762e-16
-1.902829569950687000e-15
8.734684353470745975e-16
-1.532041936148571212e-15
1.010888955739112906e-15
-1.227966532662032174e-15
1.607957877684692640e-15
-9.611659381108522121e-16
2.017547982047289081e-15
-1.360367268652038616e-16
1.654530164470604771e-15
-2.874109680945316215e-16
1.149961965866590817e-15
-1.855932938556103737e-15
3.699384587610649413e-16
-1.495789764878897858e-15
8.860733842372886518e-16
-1.031832997345498730e-15
1.512889101384229792e-15
-8.076726573896328198e-16
1.257485577193426027e-15
-8.339128375064071852e-16
1.098707292645666868e-15
-9.284351439843351179e-16
1.534336566209072740e-15
-1.046867541721171865e-15
4.848646285668549055e-16
-1.670074386027600525e-15
4.718913902224050424e-16
-1.880435998821511793e-15
1.564744033063085882e-16
-1.539889019564510955e-15
8.067697501418714453e-16
-7.957481634571694069e-16
1.208688403420973626e-15
-6.263902039318841790e-16
1.412922832594365291e-15
-6.522000354355767680e-16
1.135119697993078543e-15
-1.067516437715944648e-15
1.675414652564895537e-15
-1.159788143910537924e-15
1.205217123288207348e-15
-1.308024304484471822e-15
1.247587881490762135e-15
-1.220080222051970252e-15
1.348035815680227338e-15
-8.489964614702805692e-16
1.913958321733988007e-15
-4.440894421912262199e-17
2.049279433374759718e-15
-8.020903463042412084e-16
1.867584012691708519e-15
-1.315448255593307834e-15
1.412227629299711911e-15
-2.133891943669472581e-15
5.576950947397563314e-16
-1.803485447311595242e-15
1.693693011979209873e-16
-1.734881954824115912e-15
7.281580641818547404e-16
-1.461634811260880531e-15
1.185793591303153478e-15
-8.261600148113391768e-16
1.193047812021146175e-15
-3.222674519283771627e-16
1.512463368991242848e-15
-9.053337559181352643e-16
6.960809989270410752e-16
-1.126480113197961740e-15
7.516313905394941773e-16
-1.433911180055140635e-15
7.309366698644829745e-16
-1.842498132984424299e-15
7.829411957818588178e-16
-9.352749917711763386e-16
1.187729638528324702e-15
-1.221570754908965757e-15
1.708039336200833617e-15
-7.802719215785432171e-16
1.681578161889669300e-15
-3.765761882465205155e-16
7.545327472442301472e-16
-1.229921235683910308e-15
2.360902062056995130e-16
-1.547886857086656969e-15
-9.419138434516622264e-17
-1.392672435729772623e-15
4.070484243716075188e-16
-1.463294751086775895e-15
8.190614901584532333e-16
-6.125470558547635303e-16
1.656134263956633412e-15
-3.985172470779786616e-16
1.832438695499220064e-15
-3.705763318934003960e-16
1.049408684484183839e-15
-1.190367623779300944e-15
5.691558897751775149e-16
-1.889184297343947219e-15
3.528776053313208055e-16
-1.571257286902806570e-15
4.061187610900373559e-16
-1.159776939227045925e-15
1.077696368369542643e-15
-9.101007028149730385e-16
1.146655599950320284e-15
-1.377399916419431223e-16
1.394247686527316900e-15
-1.152095846023216575e-15
7.215501377223895874e-16
-1.766541097590654619e-15
-2.429925612762816530e-16
-1.977753309628806270e-15
3.168603533109187095e-16
-1.132077884911008437e-15
1.887556433746010927e-16
-8.203016408322747194e-16
8.247034800111247479e-16
-1.228084631713052461e-15
9.510079706615758475e-16
-7.314825568688362738e-16
1.306831235711378545e-15
-4.593212652693842708e-16
7.037193775141709377e-16
-1.339983611231006077e-15
7.696546210880531169e-16
-1.323339453788203570e-15
6.076482922630275006e-16
-1.641377149730016872e-15
-1.428798618859480007e-16
-1.947413499122520419e-15
4.779036930791042805e-17
-1.360457004139352131e-15
5.168748004386383942e-16
-5.519584065022712988e-16
6.085727042035993127e-16
-5.095637275027779346e-16
8.766020042241772096e-16
-4.379769397740770684e-16
5.525247120016091111e-16
-4.082820394368792627e-16
1.229009852679877102e-15
-2.573189217829867761e-16
1.296330205115161333e-15
-2.070575125498349173e-16
7.923686160164443657e-16
1.076070808870012863e-16
2.286239474710035978e-15
8.647148386113946934e-16
2.782321656033027471e-15
5.471176363822953614e-16
2.112475438283112472e-15
-1.345499209619020332e-16
1.518266953934289616e-15
-6.242451659475856552e-16
4.066700920267702735e-16
-8.476039351557006214e-16
4.838427959847477674e-16
-1.399673515532144939e-15
-3.765837644776130645e-16
-1.724803413082500730e-15
8.075543441574243568e-17
-1.170751569902325073e-15
3.457578938169220843e-16
-1.034912422217362621e-15
7.027660908865591518e-16
-5.836848079629387551e-16
-1.131027698858975050e-16
-1.565740216898612912e-15
2.566478912301016979e-16
-1.619114717668262585e-15
-3.609788818253546706e-17
-1.120329395175915700e-15
5.902937599726137931e-16
-1.330253456550187055e-15
-2.669800962753588054e-17
-9.403068943556075864e-16
8.157851729859559395e-16
-9.962138342850860977e-16
3.819418627757528965e-16
-5.626366857850237999e-16
1.433583700114042505e-15
-1.425096750062446838e-15
3.241476819164383948e-16
-1.164633170433385957e-15
6.272029498292651352e-16
-1.251869662240300905e-15
1.578187309128537177e-16
-1.219229650787903186e-15
4.238459736776662470e-16
-1.422172388851478236e-15
9.417910348858268562e-16
-1.114312031063354510e-15
5.861122716741097247e-16
-5.351155836949828806e-16
9.797427497408545767e-16
-2.600854072647308045e-16
9.023902045626898482e-16
-6.253091938934140700e-16
5.141354763547968525e-16
-8.927056215059410537e-16
6.171873351784598247e-16
-9.070452143636599183e-16
7.609207230689387271e-16
-2.307809373984217870e-16
7.907644851998371395e-16
-5.302094069470010107e-16
4.435796997453892327e-16
-7.076152545074191926e-16
-1.645022046821167227e-16
-1.033573160214497762e-15
1.052290470207011006e-15
-9.841743349305502483e-16
2.661245633502601586e-16
-1.574991183934325795e-15
1.300497296650446428e-16
-1.093535602480397220e-15
5.888266462536517925e-16
-1.044412881122426813e-15
5.177179071908462410e-16
-6.033911381794917221e-17
1.376687139284543208e-15
-5.445598294788694622e-16
1.424475342924628715e-15
-2.789601726084972857e-16
1.210286633734790766e-15
-1.819552027007124719e-16
7.097845159291120359e-16
-8.124060225034483553e-16
4.056611847920974365e-16
-1.259111732594155426e-15
1.195319683536762637e-16
-7.964125348837145021e-16
7.189867945892357478e-16
-7.467529652609064893e-16
3.963381437787310894e-16
4.928613311596573246e-17
8.315866381768730116e-16
-9.143114743737120776e-16
4.747236255769693053e-16
-1.222757411764132203e-16
1.013818559821199191e-15
1.873231541063060909e-16
1.216499630043115601e-15
-4.798170528204556257e-16
3.784432968768084540e-16
-1.418627379794081683e-15
2.661245633502601586e-16
-1.574991183934325795e-15
1.300497296650446428e-16
-1.093535602480397220e-15
5.888266462536517925e-16
-1.044412881122426813e-15
5.177179071908462410e-16
-6.033911381794917221e-17
1.376687139284543208e-15
-5.445598294788694622e-16
1.424475342924628715e-15
-2.789601726084972857e-16
1.210286633734790766e-15
-1.819552027007124719e-16
7.097845159291120359e-16
-8.124060225034483553e-16
4.056611847920974365e-16
-1.259111732594155426e-15
1.195319683536762637e-16
-7.964125348837145021e-16
7.189867945892357478e-16
-7.467529652609064893e-16
3.963381437787310894e-16
4.928613311596573246e-17
8.315866381768730116e-16
-9.143114743737120776e-16
4.747236255769693053e-16
-1.222757411764132203e-16
1.013818559821199191e-15
2.661245633502601586e-16
-1.574991183934325795e-15
1.300497296650446428e-16
-1.093535602480397220e-15
5.888266462536517925e-16
-1.044412881122426813e-15
5.177179071908462410e-16
-6.033911381794917221e-17
1.376687139284543208e-15
-5.445598294788694622e-16
1.424475342924628715e-15
-2.789601726084972857e-16
1.210286633734790766e-15
-1.819552027007124719e-16
7.097845159291120359e-16
-8.124060225034483553e-16
4.056611847920974365e-16
-1.259111732594155426e-15
1.195319683536762637e-16
-7.964125348837145021e-16
7.189867945892357478e-16
-7.467529652609064893e-16
3.963381437787310894e-16
4.928613311596573246e-17
8.315866381768730116e-16
-9.143114743737120776e-16
4.747236255769693053e-16
-1.222757411764132203e-16
1.013818559821199191e-15
2.661245633502601586e-16
-1.574991183934325795e-15
1.300497296650446428e-16
-1.093535602480397220e-15
5.888266462536517925e-16
-1.044412881122426813e-15
5.177179071908462410e-16
-6.033911381794917221e-17
1.376687139284543208e-15
-5.445598294788694622e-16
1.424475342924628715e-15
-2.789601726084972857e-16
1.210286633734790766e-15
-1.819552027007124719e-16
7.097845159291120359e-16
-8.124060225034483553e-16
4.056611847920974365e-16
-1.259111732594155426e-15
1.195319683536762637e-16
-7.964125348837145021e-16
7.189867945892357478e-16
-7.467529652609064893e-16
3.963381437787310894e-16
4.928613311596573246e-17
8.315866381768730116e-16
-9.143114743737120776e-16
4.747236255769693053e-16
-1.222757411764132203e-16
1.013818559821199191e-15
2.661245633502601586e-16
-1.574991183934325795e-15
1.300497296650446428e-16
-1.093535602480397220e-15
5.888266462536517925e-16
-1.044412881122426813e-15
5.177179071908462410e-16
-6.033911381794917221e-17
1.376687139284543208e-15
-5.445598294788694622e-16
1.424475342924628715e-15
-2.789601726084972857e-16
1.210286633734790766e-15
-1.819552027007124719e-16
7.097845159291120359e-16
-8.124060225034483553e-16
4.056611847920974365e-16
-1.259111732594155426e-15
1.195319683536762637e-16
-7.964125348837145021e-16
7.189867945892357478e-16
-7.467529652609064893e-16
3.963381437787310894e-16
4.928613311596573246e-17
8.315866381768730116e-16
-9.143114743737120776e-16
4.747236255769693053e-16
-1.222757411764132203e-16
1.013818559821199191e-15
2.661245633502601586e-16
-1.574991183934325795e-15
1.300497296650446428e-16
-1.093535602480397220e-15
5.888266462536517925e-16
-1.044412881122426813e-15
5.177179071908462410e-16
-6.033911381794917221e-17
1.376687139284543208e-15
-5.445598294788694622e-16
1.424475342924628715e-15
-2.789601726084972857e-16
1.210286633734790766e-15
-1.819552027007124719e-16
7.097845159291120359e-16
-8.124060225034483553e-16
4.056611847920974365e-16
-1.259111732594155426e-15
1.195319683536762637e-16
-7.964125348837145021e-16
7.189867945892357478e-16
-7.467529652609064893e-16
3.963381437787310894e-16
4.928613311596573246e-17
8.315866381768730116e-16
-9.143114743737120776e-16
4.747236255769693053e-16
-1.222757411764132203e-16
1.013818559821199191e-15
-1.222757411764132203e-16
1.013818559821199191e-15
2.661245633502601586e-16
-1.574991183934325795e-15
1.300497296650446428e-16
-1.093535602480397220e-15
5.888266462536517925e-16
-1.044412881122426813e-15
5.177179071908462410e-16
-6.033911381794917221e-17
1.376687139284543208e-15
-5.445598294788694622e-16
1.424475342924628715e-15
-2.789601726084972857e-16
1.210286633734790766e-15
-1.819552027007124719e-16
7.097845159291120359e-16
-8.124060225034483553e-16
4.056611847920974365e-16
-1.259111732594155426e-15
1.195319683536762637e-16
-7.964125348837145021e-16
7.189867945892357478e-16
-7.467529652609064893e-16
3.963381437787310894e-16
4.928613311596573246e-17
8.315866381768730116e-16
-9.143114743737120776e-16
4.747236255769693053e-16
-1.222757411764132203e-16
1.013818559821199191e-15
2.661245633502601586e-16
-1.574991183934325795e-15
1.300497296650446428e-16
-1.093535602480397220e-15
5.888266462536517925e-16
-1.044412881122426813e-15
5.177179071908462410e-16
-6.033911381794917221e-17
1.376687139284543208e-15
-5.445598294788694622e-16
1.424475342924628715e-15
-2.789601726084972857e-16
1.210286633734790766e-15
-1.819552027007124719e-16
7.097845159291120359e-16
-8.124060225034483553e-16
4.056611847920974365e-16
-1.259111732594155426e-15
1.195319683536762637e-16
-7.964125348837145021e-16
7.189867945892357478e-16
-7.467529652609064893e-16
3.963381437787310894e-16
4.928613311596573246e-17
8.315866381768730116e-16
-9.143114743737120776e-16
4.747236255769693053e-16
-1.222757411764132203e-16
1.013818559821199191e-15
2.661245633502601586e-16
-1.574991183934325795e-15
1.300497296650446428e-16
-1.093535602480397220e-15
5.888266462536517925e-16
-1.044412881122426813e-15
5.177179071908462410e-16
-6.033911381794917221e-17
1.376687139284543208e-15
-5.445598294788694622e-16
1.424475342924628715e-15
-2.789601726084972857e-16
1.210286633734790766e-15
-1.819552027007124719e-16
7.097845159291120359e-16
-8.124060225034483553e-16
4.056611847920974365e-16
-1.259111732594155426e-15
1.195319683536762637e-16
-7.964125348837145021e-16
7.189867945892357478e-16
-7.467529652609064893e-16
3.963381437787310894e-16
4.928613311596573246e-17
8.315866381768730116e-16
-9.143114743737120776e-16
4.747236255769693053e-16
